1.000E-03 1.048E-02 3.581E+03 0.000E+00 3.581E+03 
1.500E-03 2.136E-02 1.180E+03 0.000E+00 1.180E+03 
2.000E-03 3.369E-02 5.221E+02 0.000E+00 5.222E+02 
3.000E-03 5.795E-02 1.599E+02 0.000E+00 1.599E+02 
4.000E-03 7.827E-02 6.761E+01 0.000E+00 6.769E+01 
5.000E-03 9.392E-02 3.433E+01 0.000E+00 3.443E+01 
6.000E-03 1.058E-01 1.961E+01 0.000E+00 1.972E+01 
8.000E-03 1.219E-01 8.016E+00 0.000E+00 8.138E+00 
1.000E-02 1.322E-01 3.972E+00 0.000E+00 4.105E+00 
1.500E-02 1.477E-01 1.089E+00 0.000E+00 1.237E+00 
2.000E-02 1.561E-01 4.299E-01 0.000E+00 5.860E-01 
3.000E-02 1.629E-01 1.143E-01 0.000E+00 2.773E-01 
4.000E-02 1.635E-01 4.435E-02 0.000E+00 2.079E-01 
5.000E-02 1.617E-01 2.121E-02 0.000E+00 1.829E-01 
6.000E-02 1.589E-01 1.159E-02 0.000E+00 1.705E-01 
8.000E-02 1.526E-01 4.465E-03 0.000E+00 1.570E-01 
1.000E-01 1.463E-01 2.132E-03 0.000E+00 1.484E-01 
1.500E-01 1.326E-01 5.621E-04 0.000E+00 1.332E-01 
2.000E-01 1.218E-01 2.219E-04 0.000E+00 1.221E-01 
3.000E-01 1.062E-01 6.251E-05 0.000E+00 1.063E-01 
4.000E-01 9.523E-02 2.673E-05 0.000E+00 9.526E-02 
5.000E-01 8.699E-02 1.440E-05 0.000E+00 8.700E-02 
6.000E-01 8.049E-02 8.963E-06 0.000E+00 8.050E-02 
8.000E-01 7.073E-02 4.523E-06 0.000E+00 7.074E-02 
1.000E+00 6.360E-02 2.811E-06 0.000E+00 6.360E-02 
1.022E+00 6.295E-02 2.612E-06 0.000E+00 6.295E-02 
1.250E+00 5.689E-02 1.773E-06 1.744E-05 5.691E-02 
1.500E+00 5.169E-02 1.287E-06 9.650E-05 5.179E-02 
2.000E+00 4.412E-02 8.104E-07 3.841E-04 4.451E-02 
2.044E+00 4.356E-02 7.841E-07 4.141E-04 4.398E-02 
3.000E+00 3.471E-02 4.534E-07 1.099E-03 3.582E-02 
4.000E+00 2.896E-02 3.115E-07 1.782E-03 3.079E-02 
5.000E+00 2.500E-02 2.364E-07 2.392E-03 2.749E-02 