1.000E-03 4.340E-03 3.672E+03 0.000E+00 3.672E+03 
1.500E-03 7.514E-03 1.633E+03 0.000E+00 1.633E+03 
1.809E-03 9.381E-03 1.097E+03 0.000E+00 1.097E+03 
1.809E-03 9.381E-03 1.305E+03 0.000E+00 1.305E+03 
1.840E-03 9.566E-03 1.931E+03 0.000E+00 1.931E+03 
1.872E-03 9.755E-03 2.854E+03 0.000E+00 2.854E+03 
1.872E-03 9.755E-03 3.112E+03 0.000E+00 3.112E+03 
2.000E-03 1.052E-02 3.911E+03 0.000E+00 3.911E+03 
2.281E-03 1.219E-02 2.818E+03 0.000E+00 2.818E+03 
2.281E-03 1.219E-02 3.269E+03 0.000E+00 3.269E+03 
2.423E-03 1.302E-02 2.822E+03 0.000E+00 2.822E+03 
2.575E-03 1.389E-02 2.436E+03 0.000E+00 2.436E+03 
2.575E-03 1.389E-02 2.589E+03 0.000E+00 2.589E+03 
2.694E-03 1.457E-02 2.329E+03 0.000E+00 2.329E+03 
2.820E-03 1.529E-02 2.094E+03 0.000E+00 2.094E+03 
2.820E-03 1.529E-02 2.184E+03 0.000E+00 2.184E+03 
3.000E-03 1.633E-02 1.893E+03 0.000E+00 1.893E+03 
4.000E-03 2.186E-02 9.480E+02 0.000E+00 9.480E+02 
5.000E-03 2.711E-02 5.457E+02 0.000E+00 5.457E+02 
6.000E-03 3.203E-02 3.446E+02 0.000E+00 3.446E+02 
8.000E-03 4.068E-02 1.651E+02 0.000E+00 1.651E+02 
1.000E-02 4.792E-02 9.240E+01 0.000E+00 9.245E+01 
1.021E-02 4.861E-02 8.759E+01 0.000E+00 8.764E+01 
1.021E-02 4.861E-02 2.290E+02 0.000E+00 2.290E+02 
1.085E-02 5.070E-02 1.943E+02 0.000E+00 1.944E+02 
1.154E-02 5.280E-02 1.650E+02 0.000E+00 1.650E+02 
1.154E-02 5.280E-02 2.273E+02 0.000E+00 2.273E+02 
1.182E-02 5.360E-02 2.147E+02 0.000E+00 2.148E+02 
1.210E-02 5.441E-02 2.028E+02 0.000E+00 2.028E+02 
1.210E-02 5.441E-02 2.344E+02 0.000E+00 2.345E+02 
1.500E-02 6.197E-02 1.359E+02 0.000E+00 1.360E+02 
2.000E-02 7.246E-02 6.361E+01 0.000E+00 6.368E+01 
3.000E-02 8.644E-02 2.144E+01 0.000E+00 2.153E+01 
4.000E-02 9.427E-02 9.781E+00 0.000E+00 9.875E+00 
5.000E-02 9.863E-02 5.290E+00 0.000E+00 5.389E+00 
6.000E-02 1.010E-01 3.191E+00 0.000E+00 3.292E+00 
6.953E-02 1.022E-01 2.118E+00 0.000E+00 2.220E+00 
6.953E-02 1.022E-01 1.080E+01 0.000E+00 1.090E+01 
8.000E-02 1.026E-01 7.442E+00 0.000E+00 7.545E+00 
1.000E-01 1.020E-01 4.153E+00 0.000E+00 4.255E+00 
1.500E-01 9.738E-02 1.395E+00 0.000E+00 1.492E+00 
2.000E-01 9.185E-02 6.397E-01 0.000E+00 7.316E-01 
3.000E-01 8.212E-02 2.166E-01 0.000E+00 2.987E-01 
4.000E-01 7.458E-02 1.033E-01 0.000E+00 1.779E-01 
5.000E-01 6.866E-02 5.962E-02 0.000E+00 1.283E-01 
6.000E-01 6.384E-02 3.875E-02 0.000E+00 1.026E-01 
8.000E-01 5.641E-02 2.042E-02 0.000E+00 7.683E-02 
1.000E+00 5.087E-02 1.283E-02 0.000E+00 6.370E-02 
1.022E+00 5.031E-02 1.228E-02 0.000E+00 6.259E-02 
1.250E+00 4.556E-02 8.281E-03 3.227E-04 5.417E-02 
1.500E+00 4.147E-02 5.906E-03 1.510E-03 4.888E-02 
2.000E+00 3.544E-02 3.574E-03 4.684E-03 4.370E-02 
2.044E+00 3.502E-02 3.449E-03 4.969E-03 4.343E-02 
3.000E+00 2.791E-02 1.875E-03 1.067E-02 4.047E-02 